0.100484000
0.307781000
0.091147000
0.090546000
0.092046000
0.098167000
0.094809000
0.298833000
0.095911000
0.105539000
0.298903000
0.302600000
0.093675000
0.109926000
0.098262000
0.302731000
0.106762000
0.299470000
0.093770000
0.290504000
0.101709000
0.104147000
0.295742000
0.297188000
0.090986000
0.304263000
0.309044000
0.309591000
0.304773000
0.090264000
0.300383000
0.297271000
0.107826000
0.295326000
0.308847000
0.290824000
0.090896000
0.294500000
0.106969000
0.101992000
0.094351000
0.103732000
0.302252000
0.299577000
0.105154000
0.096539000
0.095084000
0.301584000
0.108561000
0.308834000
0.304235000
0.099244000
0.297477000
0.300503000
0.097272000
0.296809000
0.097393000
0.098793000
0.290820000
0.299767000
0.109912000
0.098984000
0.098157000
0.303632000
0.107159000
0.299177000
0.298346000
0.091116000
0.309566000
0.294822000
0.290942000
0.090721000
0.097146000
0.309266000
0.294097000
0.103447000
0.100439000
0.307202000
0.308853000
0.307573000
0.105172000
0.294784000
0.092595000
0.301842000
0.300047000
0.297256000
0.304093000
0.290276000
0.099719000
0.092381000
0.295505000
0.297368000
0.094721000
0.099839000
0.092097000
0.290223000
0.098511000
0.291490000
0.303845000
0.298391000
0.093320000
0.108304000
0.297841000
0.309738000
0.098255000
0.293078000
0.096408000
0.290278000
0.296182000
0.303414000
0.307605000
0.300518000
0.102752000
0.100194000
0.305917000
0.304031000
0.093658000
0.107877000
0.304002000
0.302337000
0.092440000
0.296189000
0.295452000
0.309390000
0.106872000
0.293666000
0.296185000
0.107688000
0.100895000
0.102453000
0.297887000
0.290725000
0.109523000
0.101421000
0.298155000
0.307340000
0.090836000
0.292834000
0.305729000
0.302800000
0.109484000
0.096913000
0.303957000
0.106793000
0.107841000
0.290764000
0.306076000
0.304249000
0.303437000
0.093541000
0.096256000
0.295190000
0.109788000
0.294049000
0.302361000
0.305514000
0.094375000
0.301715000
0.099039000
0.107884000
0.101679000
0.295383000
0.290807000
0.090878000
0.304654000
0.098734000
0.106645000
0.105754000
0.093913000
0.097178000
0.305137000
0.301087000
0.104794000
0.100103000
0.101315000
0.299396000
0.093822000
0.291306000
0.303932000
0.098790000
0.290511000
0.294776000
0.292233000
0.103853000
0.102829000
0.298840000
0.290850000
0.102102000
0.102742000
0.290785000
0.295460000
0.309829000
0.096475000
0.304615000
0.107455000
0.307349000
0.292412000
0.291181000
0.308568000
0.300113000
0.105719000
0.094680000
0.296481000
0.302588000
0.109608000
0.303560000
0.093701000
0.099007000
0.091424000
0.105299000
0.304293000
0.306773000
0.100627000
0.099327000
0.304668000
0.106847000
0.091206000
0.303087000
0.307850000
0.292411000
0.294230000
0.305974000
0.097468000
0.303480000